Date,County,case_diff,cases,new_deaths,deaths
12/2/2020,Berkshire,83,1728,1,65
12/1/2020,Berkshire,43,1645,1,64
11/30/2020,Berkshire,2,1602,2,63
11/29/2020,Berkshire,69,1600,6,61
11/28/2020,Berkshire,65,1531,1,55
11/27/2020,Berkshire,43,1466,1,54
11/25/2020,Berkshire,64,1423,1,53
11/24/2020,Berkshire,82,1359,0,52
11/23/2020,Berkshire,17,1277,0,52
11/22/2020,Berkshire,15,1260,0,52
11/21/2020,Berkshire,44,1245,0,52
11/20/2020,Berkshire,19,1201,0,52
11/19/2020,Berkshire,31,1182,0,52
11/18/2020,Berkshire,50,1151,0,52
11/17/2020,Berkshire,29,1101,0,52
11/16/2020,Berkshire,45,1072,0,52
11/15/2020,Berkshire,6,1027,0,52
11/14/2020,Berkshire,20,1021,0,52
11/13/2020,Berkshire,19,1001,0,52
11/12/2020,Berkshire,29,982,0,52
11/11/2020,Berkshire,50,953,0,52
11/10/2020,Berkshire,42,903,0,52
11/9/2020,Berkshire,16,861,0,52
11/8/2020,Berkshire,7,845,0,52
11/7/2020,Berkshire,9,838,0,52
11/6/2020,Berkshire,11,829,0,52
11/5/2020,Berkshire,4,818,0,52
11/4/2020,Berkshire,6,814,0,52
11/3/2020,Berkshire,5,808,0,52
11/2/2020,Berkshire,14,803,0,52
11/1/2020,Berkshire,5,789,0,52
10/31/2020,Berkshire,1,784,0,52
10/30/2020,Berkshire,2,783,0,52
10/29/2020,Berkshire,1,781,0,52
10/28/2020,Berkshire,6,780,0,52
10/27/2020,Berkshire,9,774,1,52
10/26/2020,Berkshire,4,765,0,51
10/25/2020,Berkshire,10,761,0,51
10/24/2020,Berkshire,4,751,0,51
10/23/2020,Berkshire,3,747,0,51
10/22/2020,Berkshire,2,744,0,51
10/21/2020,Berkshire,0,742,0,51
10/20/2020,Berkshire,2,742,0,51
10/19/2020,Berkshire,4,740,0,51
10/18/2020,Berkshire,0,736,0,51
10/17/2020,Berkshire,1,736,0,51
10/16/2020,Berkshire,0,735,0,51
10/15/2020,Berkshire,2,735,0,51
10/14/2020,Berkshire,1,733,0,51
10/13/2020,Berkshire,2,732,0,51
10/12/2020,Berkshire,0,730,0,51
10/11/2020,Berkshire,0,730,0,51
10/10/2020,Berkshire,1,730,0,51
10/9/2020,Berkshire,3,729,0,51
10/8/2020,Berkshire,0,726,0,51
10/7/2020,Berkshire,1,726,0,51
10/6/2020,Berkshire,0,725,0,51
10/5/2020,Berkshire,2,725,1,51
10/4/2020,Berkshire,5,723,0,50
10/3/2020,Berkshire,0,718,0,50
10/2/2020,Berkshire,2,718,0,50
10/1/2020,Berkshire,0,716,0,50
9/30/2020,Berkshire,0,716,0,50
9/29/2020,Berkshire,4,717,0,50
9/28/2020,Berkshire,2,713,1,50
9/27/2020,Berkshire,4,711,0,49
9/26/2020,Berkshire,0,707,0,49
9/25/2020,Berkshire,2,707,0,49
9/24/2020,Berkshire,0,705,0,49
9/23/2020,Berkshire,2,706,0,49
9/22/2020,Berkshire,2,704,0,49
9/21/2020,Berkshire,1,702,0,49
9/20/2020,Berkshire,0,701,0,49
9/19/2020,Berkshire,0,701,0,49
9/18/2020,Berkshire,10,702,0,49
9/17/2020,Berkshire,2,692,0,49
9/16/2020,Berkshire,3,690,2,49
9/15/2020,Berkshire,2,687,0,47
9/14/2020,Berkshire,2,685,0,47
9/13/2020,Berkshire,2,683,1,47
9/12/2020,Berkshire,2,681,0,46
9/11/2020,Berkshire,2,679,0,46
9/10/2020,Berkshire,1,677,0,46
9/9/2020,Berkshire,4,676,0,46
9/8/2020,Berkshire,0,672,0,46
9/7/2020,Berkshire,2,672,0,46
9/6/2020,Berkshire,0,670,0,46
9/5/2020,Berkshire,3,672,0,46
9/4/2020,Berkshire,0,669,0,46
9/3/2020,Berkshire,4,669,0,46
9/2/2020,Berkshire,0,665,0,46
9/1/2020,Berkshire,3,665,0,46
8/31/2020,Berkshire,1,662,0,46
8/30/2020,Berkshire,1,661,0,46
8/29/2020,Berkshire,5,660,0,46
8/28/2020,Berkshire,4,655,0,46
8/27/2020,Berkshire,3,651,0,46
8/26/2020,Berkshire,3,648,0,46
8/25/2020,Berkshire,4,645,0,46
8/24/2020,Berkshire,8,641,0,46
8/22/2020,Berkshire,0,633,0,46
8/21/2020,Berkshire,1,634,0,46
8/20/2020,Berkshire,1,633,0,46
8/19/2020,Berkshire,1,632,0,46
8/31/2020,Berkshire,1,662,0,46
8/30/2020,Berkshire,1,661,0,46
8/29/2020,Berkshire,5,660,0,46
8/28/2020,Berkshire,4,655,0,46
8/27/2020,Berkshire,3,651,0,46
8/26/2020,Berkshire,3,648,0,46
8/25/2020,Berkshire,4,645,0,46
8/24/2020,Berkshire,8,641,0,46
8/22/2020,Berkshire,0,633,0,46
8/21/2020,Berkshire,1,634,0,46
8/20/2020,Berkshire,1,633,0,46
8/19/2020,Berkshire,1,632,0,46
8/18/2020,Berkshire,missing,missing,missing,missing
8/17/2020,Berkshire,missing,missing,missing,missing
8/16/2020,Berkshire,missing,missing,missing,missing
8/15/2020,Berkshire,missing,missing,missing,missing
8/14/2020,Berkshire,missing,missing,missing,missing
8/13/2020,Berkshire,missing,missing,missing,missing
8/12/2020,Berkshire,missing,missing,missing,missing
8/11/2020,Berkshire,missing,missing,missing,missing
8/10/2020,Berkshire,missing,missing,missing,missing
8/9/2020,Berkshire,missing,missing,missing,missing
8/8/2020,Berkshire,missing,missing,missing,missing
8/7/2020,Berkshire,missing,missing,missing,missing
8/6/2020,Berkshire,missing,missing,missing,missing
8/5/2020,Berkshire,missing,missing,missing,missing
8/4/2020,Berkshire,missing,missing,missing,missing
8/3/2020,Berkshire,missing,missing,missing,missing
8/2/2020,Berkshire,missing,missing,missing,missing
8/1/2020,Berkshire,missing,missing,missing,missing
7/31/2020,Berkshire,5,653,0,46
7/30/2020,Berkshire,0,648,1,46
7/29/2020,Berkshire,1,648,0,45
7/28/2020,Berkshire,2,647,0,45
7/27/2020,Berkshire,2,645,0,45
7/26/2020,Berkshire,5,643,0,45
7/25/2020,Berkshire,2,638,0,45
7/24/2020,Berkshire,7,636,0,45
7/23/2020,Berkshire,3,629,0,45
7/22/2020,Berkshire,1,626,0,45
7/21/2020,Berkshire,1,625,0,45
7/20/2020,Berkshire,1,624,0,45
7/19/2020,Berkshire,1,623,0,45
7/18/2020,Berkshire,4,622,0,45
7/17/2020,Berkshire,2,618,0,45
7/16/2020,Berkshire,1,616,0,45
7/15/2020,Berkshire,0,615,0,45
7/14/2020,Berkshire,0,615,0,45
7/13/2020,Berkshire,2,615,0,45
7/12/2020,Berkshire,2,613,0,45
7/11/2020,Berkshire,1,611,0,45
7/10/2020,Berkshire,1,610,0,45
7/9/2020,Berkshire,5,609,0,45
7/8/2020,Berkshire,0,604,0,45
7/7/2020,Berkshire,0,604,0,45
7/6/2020,Berkshire,2,604,0,45
7/5/2020,Berkshire,0,602,0,45
7/4/2020,Berkshire,0,602,0,45
7/3/2020,Berkshire,2,602,1,45
7/2/2020,Berkshire,3,600,0,44
7/1/2020,Berkshire,3,597,0,44
6/30/2020,Berkshire,0,594,0,44
6/29/2020,Berkshire,0,594,0,44
6/28/2020,Berkshire,0,594,0,44
6/27/2020,Berkshire,2,594,0,44
6/26/2020,Berkshire,1,592,0,44
6/25/2020,Berkshire,0,591,0,44
6/24/2020,Berkshire,0,591,0,44
6/23/2020,Berkshire,0,591,0,44
6/22/2020,Berkshire,1,591,0,44
6/21/2020,Berkshire,4,590,0,44
6/20/2020,Berkshire,1,586,0,44
6/19/2020,Berkshire,1,585,2,44
6/18/2020,Berkshire,2,584,0,42
6/17/2020,Berkshire,4,582,0,42
6/16/2020,Berkshire,-1,578,0,42
6/15/2020,Berkshire,-1,579,0,42
6/14/2020,Berkshire,0,580,0,42
6/13/2020,Berkshire,5,580,0,42
6/12/2020,Berkshire,0,575,1,42
6/11/2020,Berkshire,1,575,0,41
6/10/2020,Berkshire,-1,574,0,41
6/9/2020,Berkshire,0,575,0,41
6/8/2020,Berkshire,1,575,1,41
6/7/2020,Berkshire,1,574,0,40
6/6/2020,Berkshire,2,573,0,40
6/5/2020,Berkshire,3,571,0,40
6/4/2020,Berkshire,2,568,0,40
6/3/2020,Berkshire,-2,566,0,40
6/2/2020,Berkshire,1,568,0,40
6/1/2020,Berkshire,missing,567,missing,40
5/31/2020,Berkshire,0,567,missing,missing
5/30/2020,Berkshire,1,567,missing,missing
5/29/2020,Berkshire,5,566,missing,missing
5/28/2020,Berkshire,1,561,missing,missing
5/27/2020,Berkshire,2,560,missing,missing
5/26/2020,Berkshire,14,558,missing,missing
5/25/2020,Berkshire,3,544,missing,missing
5/24/2020,Berkshire,5,541,missing,missing
5/23/2020,Berkshire,5,536,missing,missing
5/22/2020,Berkshire,2,531,missing,missing
5/21/2020,Berkshire,11,529,missing,missing
5/20/2020,Berkshire,3,518,missing,missing
5/19/2020,Berkshire,1,515,missing,missing
5/18/2020,Berkshire,1,514,missing,missing
5/17/2020,Berkshire,2,513,missing,missing
5/16/2020,Berkshire,6,511,missing,missing
5/15/2020,Berkshire,3,505,missing,missing
5/14/2020,Berkshire,4,502,missing,missing
5/13/2020,Berkshire,1,498,missing,missing
5/12/2020,Berkshire,8,497,missing,missing
5/11/2020,Berkshire,3,489,missing,missing
5/10/2020,Berkshire,3,486,missing,missing
5/9/2020,Berkshire,1,483,missing,missing
5/8/2020,Berkshire,8,482,missing,missing
5/7/2020,Berkshire,5,474,missing,missing
5/6/2020,Berkshire,5,469,missing,missing
5/5/2020,Berkshire,4,464,missing,missing
5/4/2020,Berkshire,2,460,missing,missing
5/3/2020,Berkshire,3,458,missing,missing
5/2/2020,Berkshire,4,455,missing,missing
5/1/2020,Berkshire,2,451,missing,missing
4/30/2020,Berkshire,2,449,missing,missing
4/29/2020,Berkshire,10,447,missing,missing
4/28/2020,Berkshire,2,437,missing,missing
4/27/2020,Berkshire,0,435,missing,missing
4/26/2020,Berkshire,3,435,missing,missing
4/25/2020,Berkshire,0,432,missing,missing
4/24/2020,Berkshire,7,432,missing,missing
4/23/2020,Berkshire,14,425,missing,missing
4/22/2020,Berkshire,0,411,missing,missing
4/21/2020,Berkshire,17,411,missing,missing
4/20/2020,Berkshire,0,394,missing,missing
4/19/2020,Berkshire,2,394,missing,missing
4/18/2020,Berkshire,2,392,missing,missing
4/17/2020,Berkshire,missing,390,missing,missing
