Date,Molecular Total,Molecular New,Molecular Positive New,Molecular Missing,Serology Total,Serology New,Serology Positive New,First Molecular Test per person,Repeat Molecular Tests
1/22/2020,1,1,0,,0,0,0,1,0
1/23/2020,2,1,0,,0,0,0,1,0
1/24/2020,2,0,0,,0,0,0,0,0
1/25/2020,2,0,0,,0,0,0,0,0
1/26/2020,2,0,0,,0,0,0,0,0
1/27/2020,3,1,0,,0,0,0,1,0
1/28/2020,3,0,0,,0,0,0,0,0
1/29/2020,4,1,1,,0,0,0,1,0
1/30/2020,4,0,0,,0,0,0,0,0
1/31/2020,4,0,0,,0,0,0,0,0
2/1/2020,4,0,0,,0,0,0,0,0
2/2/2020,4,0,0,,0,0,0,0,0
2/3/2020,7,3,0,,0,0,0,3,0
2/4/2020,9,2,0,,0,0,0,2,0
2/5/2020,9,0,0,,0,0,0,0,0
2/6/2020,10,1,1,,0,0,0,1,0
2/7/2020,10,0,0,,0,0,0,0,0
2/8/2020,11,1,0,,0,0,0,1,0
2/9/2020,11,0,0,,0,0,0,0,0
2/10/2020,11,0,0,,0,0,0,0,1
2/11/2020,11,0,0,,0,0,0,0,0
2/12/2020,11,0,0,,0,0,0,1,0
2/13/2020,11,0,0,,0,0,0,0,0
2/14/2020,11,0,0,,0,0,0,0,0
2/15/2020,11,0,0,,0,0,0,0,0
2/16/2020,11,0,0,,0,0,0,0,0
2/17/2020,11,0,0,,0,0,0,0,0
2/18/2020,11,0,0,,0,0,0,0,0
2/19/2020,11,0,0,,0,0,0,0,0
2/20/2020,11,0,0,,0,0,0,0,1
2/21/2020,11,0,0,,0,0,0,0,0
2/22/2020,11,0,0,,0,0,0,0,0
2/23/2020,11,0,0,,0,0,0,0,0
2/24/2020,11,0,0,,1,1,0,0,2
2/25/2020,11,0,0,,1,0,0,0,0
2/26/2020,11,0,0,,1,0,0,0,0
2/27/2020,11,0,0,,1,0,0,0,0
2/28/2020,12,1,0,,1,0,0,0,2
2/29/2020,13,1,0,,1,0,0,1,0
3/1/2020,15,2,1,,1,0,0,2,2
3/2/2020,18,3,0,,1,0,0,3,3
3/3/2020,32,14,1,,2,1,0,14,1
3/4/2020,51,19,2,,2,0,0,19,3
3/5/2020,83,32,8,,2,0,0,33,3
3/6/2020,121,38,14,,2,0,0,42,7
3/7/2020,205,84,44,,2,0,0,86,14
3/8/2020,259,54,19,,2,0,0,53,7
3/9/2020,331,72,5,,2,0,0,76,5
3/10/2020,435,104,14,,2,0,0,103,6
3/11/2020,608,173,22,,2,0,0,176,6
3/12/2020,1026,418,29,,2,0,0,426,7
3/13/2020,1964,938,61,,2,0,0,971,14
3/14/2020,2863,899,73,,2,0,0,920,15
3/15/2020,3892,1029,68,,2,0,0,1057,27
3/16/2020,6035,2143,150,,2,0,0,2217,18
3/17/2020,8713,2678,249,,2,0,0,2762,28
3/18/2020,11691,2978,259,,2,0,0,3069,157
3/19/2020,14591,2900,278,,2,0,0,2996,142
3/20/2020,18232,3641,388,,2,0,0,3752,124
3/21/2020,20763,2531,321,,2,0,0,2603,168
3/22/2020,22658,1895,286,,2,0,0,1944,158
3/23/2020,26441,3783,609,,2,0,0,3895,202
3/24/2020,30431,3990,718,,2,0,0,4114,207
3/25/2020,34529,4098,746,,2,0,0,4215,269
3/26/2020,38945,4416,936,,2,0,0,4538,299
3/27/2020,43308,4363,943,,2,0,0,4473,342
3/28/2020,46107,2799,654,,2,0,0,2870,332
3/29/2020,48176,2069,523,,2,0,0,2155,318
3/30/2020,53225,5049,1238,,2,0,0,5167,416
3/31/2020,58461,5236,1266,,2,0,0,5459,472
4/1/2020,63382,4921,1337,,2,0,0,5113,463
4/2/2020,68594,5212,1278,,5,3,1,5407,597
4/3/2020,74320,5726,1480,,5,0,0,5939,629
4/4/2020,78299,3979,1163,,9,4,1,4058,690
4/5/2020,81712,3413,977,,9,0,0,3571,539
4/6/2020,88364,6652,1932,,13,4,0,6831,783
4/7/2020,94911,6547,2022,,17,4,0,6667,966
4/8/2020,101700,6789,1863,,19,2,0,6991,975
4/9/2020,108122,6422,1978,,41,22,2,6758,1038
4/10/2020,115691,7569,2054,,42,1,1,7794,1058
4/11/2020,120047,4356,1297,,43,1,0,4500,806
4/12/2020,123070,3023,929,,46,3,2,3095,707
4/13/2020,129326,6256,2002,,54,8,0,6352,1130
4/14/2020,139059,9733,2870,,62,8,2,9858,1487
4/15/2020,148954,9895,2599,,72,10,2,10194,1459
4/16/2020,157850,8896,2389,,93,21,0,8990,1716
4/17/2020,168922,11072,3006,,173,80,5,11445,1764
4/18/2020,174934,6012,1481,,181,8,3,6342,1138
4/19/2020,179517,4583,1090,,191,10,1,4663,933
4/20/2020,190269,10752,2694,,255,64,6,11061,1910
4/21/2020,199716,9447,2194,,331,76,11,9708,2117
4/22/2020,212174,12458,2716,,478,147,17,12751,2648
4/23/2020,222944,10770,2407,,951,473,31,10879,2547
4/24/2020,235293,12349,2283,,1849,898,82,12394,2510
4/25/2020,243515,8222,1496,,2336,487,25,8430,1836
4/26/2020,248396,4881,847,,2791,455,36,4797,1410
4/27/2020,259348,10952,2130,,3933,1142,79,10857,2939
4/28/2020,271597,12249,2107,,5355,1422,83,12278,2997
4/29/2020,284210,12613,2190,,7064,1709,105,12589,2929
4/30/2020,297945,13735,2048,,8442,1378,116,13740,3137
5/1/2020,312023,14078,2084,,10219,1777,130,14003,3289
5/2/2020,319269,7246,1031,,10813,594,57,7321,1876
5/3/2020,324355,5086,735,,11217,404,42,5038,1423
5/4/2020,336421,12066,1881,,13237,2020,162,11923,3521
5/5/2020,349035,12614,1738,,15214,1977,157,12448,3568
5/6/2020,362323,13288,1700,,17194,1980,184,13077,3608
5/7/2020,375784,13461,1683,,19261,2067,173,13434,3659
5/8/2020,389072,13288,1460,,21146,1885,136,13238,3705
5/9/2020,394895,5823,684,,21774,628,38,5714,1974
5/10/2020,398054,3159,386,,22128,354,77,3082,1476
5/11/2020,409873,11819,1311,,23971,1843,162,11625,4016
5/12/2020,423166,13293,1456,,25844,1873,148,13083,4275
5/13/2020,437134,13968,1319,,27590,1746,178,13780,4141
5/14/2020,450533,13399,1316,,29221,1631,165,13195,4186
5/15/2020,464316,13783,1108,,30837,1616,141,13586,4184
5/16/2020,471419,7103,650,,31372,535,51,6981,2346
5/17/2020,475707,4288,363,115,31730,358,54,4227,1622
5/18/2020,489062,13355,1317,1,33358,1628,137,13135,4399
5/19/2020,501434,12372,1080,0,35063,1705,164,12222,4475
5/20/2020,514300,12866,1022,0,36921,1858,149,12643,4291
5/21/2020,526086,11786,978,0,38621,1700,193,11591,4414
5/22/2020,537112,11026,866,0,40259,1638,158,10851,3935
5/23/2020,542075,4963,390,0,40677,418,41,4894,1815
5/24/2020,546159,4084,302,0,40989,312,41,4013,1530
5/25/2020,549261,3102,198,0,41317,328,49,3069,1487
5/26/2020,560499,11238,867,0,42830,1513,130,11083,4355
5/27/2020,570696,10197,694,0,44265,1435,152,10073,3870
5/28/2020,580111,9415,646,0,45553,1288,176,9285,3581
5/29/2020,590201,10090,533,0,46871,1318,138,9969,3508
5/30/2020,595996,5795,270,0,47130,259,34,5746,1809
5/31/2020,599703,3707,162,0,47315,185,38,3662,1400
6/1/2020,609213,9510,508,0,48454,1139,165,9395,3498
6/2/2020,618682,9469,447,0,49551,1097,88,9370,3705
6/3/2020,628241,9559,462,0,50708,1157,123,9418,3693
6/4/2020,636843,8602,383,0,51768,1060,90,8505,3520
6/5/2020,645361,8518,339,0,52970,1202,150,8442,3082
6/6/2020,649937,4576,149,0,53257,287,33,4562,1703
6/7/2020,653491,3554,151,0,53430,173,24,3512,1463
6/8/2020,664195,10704,355,0,54435,1005,100,10652,3293
6/9/2020,675216,11021,344,0,55599,1164,109,10921,3431
6/10/2020,685509,10293,257,0,56791,1192,137,10247,3199
6/11/2020,695837,10328,229,0,58018,1227,105,10279,2810
6/12/2020,705926,10089,257,0,59252,1234,85,10030,2999
6/13/2020,710731,4805,98,0,59478,226,21,4786,1663
6/14/2020,714459,3728,77,0,59651,173,25,3706,1352
6/15/2020,725248,10789,235,0,60820,1169,114,10737,3425
6/16/2020,735710,10462,200,0,62014,1194,87,10415,3322
6/17/2020,750217,14507,248,0,63236,1222,115,14475,3433
6/18/2020,764425,14208,242,0,64599,1363,90,14164,3182
6/19/2020,773329,8904,176,0,65720,1121,82,8869,2777
6/20/2020,778736,5407,93,0,65985,265,16,5396,1841
6/21/2020,782620,3884,79,0,66127,142,16,3874,1353
6/22/2020,792743,10123,228,0,67229,1102,97,10080,3558
6/23/2020,803321,10578,190,0,68518,1289,129,10554,3552
6/24/2020,814004,10683,211,0,69833,1315,99,10639,3381
6/25/2020,823578,9574,206,0,71030,1197,108,9532,3119
6/26/2020,833805,10227,201,0,72275,1245,104,10219,3023
6/27/2020,839878,6073,134,0,72516,241,19,6051,1812
6/28/2020,844549,4671,70,0,72733,217,19,4674,1606
6/29/2020,856784,12235,201,0,73858,1125,100,12218,3927
6/30/2020,869191,12407,220,0,75081,1223,111,12353,3784
7/1/2020,880104,10913,218,0,76175,1094,103,10892,3640
7/2/2020,890405,10301,224,0,77283,1108,119,10286,3636
7/3/2020,896468,6063,97,0,77712,429,61,6055,2300
7/4/2020,899439,2971,62,0,77827,115,9,2961,1317
7/5/2020,904271,4832,100,0,77945,118,23,4815,1861
7/6/2020,916864,12593,240,0,78862,917,94,12552,4448
7/7/2020,931793,14929,241,0,79926,1064,117,14885,4831
7/8/2020,946179,14386,215,0,80872,946,89,14355,5148
7/9/2020,959015,12836,252,0,81842,970,116,12775,4910
7/10/2020,972089,13074,228,0,82993,1151,143,13048,5047
7/11/2020,979547,7458,117,0,83281,288,34,7436,2680
7/12/2020,984640,5093,89,0,83465,184,32,5077,1887
7/13/2020,999378,14738,267,0,84521,1056,116,14679,5218
7/14/2020,1014461,15083,229,0,85505,984,91,15042,5763
7/15/2020,1029575,15114,297,0,86440,935,104,15084,5622
7/16/2020,1041997,12422,244,0,87369,929,108,12348,4984
7/17/2020,1054764,12767,220,0,88345,976,142,12714,5063
7/18/2020,1062788,8024,127,0,88629,284,62,7996,2821
7/19/2020,1068236,5448,72,0,88748,119,24,5438,2016
7/20/2020,1080876,12640,277,0,89658,910,75,12573,4569
7/21/2020,1094987,14111,249,0,90624,966,114,14077,5142
7/22/2020,1107963,12976,241,0,91576,952,119,12927,5015
7/23/2020,1121256,13293,224,0,92465,889,150,13243,6019
7/24/2020,1132456,11200,238,0,93248,783,109,11151,4515
7/25/2020,1139750,7294,140,0,93379,131,6,7268,3124
7/26/2020,1144502,4752,96,0,93473,94,7,4720,2087
7/27/2020,1157539,13037,321,0,94415,942,141,12942,5360
7/28/2020,1170363,12824,249,0,95229,814,98,12749,6660
7/29/2020,1178142,7779,135,0,95884,655,61,7736,4252
7/30/2020,1180571,2429,72,0,96179,295,14,2419,1374
7/31/2020,1180605,34,0,0,96180,1,0,34,28
